3500 100
3507 101
3514 102
3521 103
3528 104
3535 105
3542 106
3549 107
3556 108
3563 109
3570 110
3577 111
3584 112
3591 113
3598 114
3605 115
3612 116
3619 117
3626 118
3633 119
3640 120
3647 121
3654 122
3661 123
3668 124
3675 125
3682 126
3689 127
3696 128
3703 129
3710 130
3717 131
3724 132
3731 133
3738 134
3745 135
3752 136
3759 137
3766 138
3773 139
3780 140
3787 141
3794 142
3801 143
3808 144
3815 145
3822 146
3829 147
3836 148
3843 149
3850 150
3857 151
3864 152
3871 153
3878 154
3885 155
3892 156
3899 157
3906 158
3913 159
3920 160
3927 161
3934 162
3941 163
3948 164
3955 165
3962 166
3969 167
3976 168
3983 169
3990 170
3997 171
4004 172
4011 173
4018 174
4025 175
4032 176
4039 177
4046 178
4053 179
4060 180
4067 181
4074 182
4081 183
4088 184
4095 185
4102 186
4109 187
4116 188
4123 189
4130 190
4137 191
4144 192
4151 193
4158 194
4165 195
4172 196
4179 197
4186 198
4193 199
4200 200
4207 201
4214 202
4221 203
4228 204
4235 205
4242 206
4249 207
4256 208
4263 209
4270 210
4277 211
4284 212
4291 213
4298 214
4305 215
4312 216
4319 217
4326 218
4333 219
4340 220
4347 221
4354 222
4361 223
4368 224
4375 225
4382 226
4389 227
4396 228
4403 229
4410 230
4417 231
4424 232
4431 233
4438 234
4445 235
4452 236
4459 237
4466 238
4473 239
4480 240
4487 241
4494 242
4501 243
4508 244
4515 245
4522 246
4529 247
4536 248
4543 249
4550 250
4557 251
4564 252
4571 253
4578 254
4585 255
4592 256
4599 257
4606 258
4613 259
4620 260
4627 261
4634 262
4641 263
4648 264
4655 265
4662 266
4669 267
4676 268
4683 269
4690 270
4697 271
4704 272
4711 273
4718 274
4725 275
4732 276
4739 277
4746 278
4753 279
4760 280
4767 281
4774 282
4781 283
4788 284
4795 285
4802 286
4809 287
4816 288
4823 289
4830 290
4837 291
4844 292
4851 293
4858 294
4865 295
4872 296
4879 297
4886 298
4893 299
4900 300
4907 301
4914 302
4921 303
4928 304
4935 305
4942 306
4949 307
4956 308
4963 309
4970 310
4977 311
4984 312
4991 313
4998 314
5005 315
5012 316
5019 317
5026 318
5033 319
5040 320
5047 321
5054 322
5061 323
5068 324
5075 325
5082 326
5089 327
5096 328
5103 329
5110 330
5117 331
5124 332
5131 333
5138 334
5145 335
5152 336
5159 337
5166 338
5173 339
5180 340
5187 341
5194 342
5201 343
5208 344
5215 345
5222 346
5229 347
5236 348
5243 349
5250 350
5257 351
5264 352
5271 353
5278 354
5285 355
5292 356
5299 357
5306 358
5313 359
5320 360
5327 361
5334 362
5341 363
5348 364
5355 365
5362 366
5369 367
5376 368
5383 369
5390 370
5397 371
5404 372
5411 373
5418 374
5425 375
5432 376
5439 377
5446 378
5453 379
5460 380
5467 381
5474 382
5481 383
5488 384
5495 385
5502 386
5509 387
5516 388
5523 389
5530 390
5537 391
5544 392
5551 393
5558 394
5565 395
5572 396
5579 397
5586 398
5593 399
5600 400
5607 401
5614 402
5621 403
5628 404
5635 405
5642 406
5649 407
5656 408
5663 409
5670 410
5677 411
5684 412
5691 413
5698 414
5705 415
5712 416
5719 417
5726 418
5733 419
5740 420
5747 421
5754 422
5761 423
5768 424
5775 425
5782 426
5789 427
5796 428
5803 429
5810 430
5817 431
5824 432
5831 433
5838 434
5845 435
5852 436
5859 437
5866 438
5873 439
5880 440
5887 441
5894 442
5901 443
5908 444
5915 445
5922 446
5929 447
5936 448
5943 449
5950 450
5957 451
5964 452
5971 453
5978 454
5985 455
5992 456
5999 457
6006 458
6013 459
6020 460
6027 461
6034 462
6041 463
6048 464
6055 465
6062 466
6069 467
6076 468
6083 469
6090 470
6097 471
6104 472
6111 473
6118 474
6125 475
6132 476
6139 477
6146 478
6153 479
6160 480
6167 481
6174 482
6181 483
6188 484
6195 485
6202 486
6209 487
6216 488
6223 489
6230 490
6237 491
6244 492
6251 493
6258 494
6265 495
6272 496
6279 497
6286 498
6293 499
6300 500
6307 501
6314 502
6321 503
6328 504
6335 505
6342 506
6349 507
6356 508
6363 509
6370 510
6377 511
6384 512
6391 513
6398 514
6405 515
6412 516
6419 517
6426 518
6433 519
6440 520
6447 521
6454 522
6461 523
6468 524
6475 525
6482 526
6489 527
6496 528
6503 529
6510 530
6517 531
6524 532
6531 533
6538 534
6545 535
6552 536
6559 537
6566 538
6573 539
6580 540
6587 541
6594 542
6601 543
6608 544
6615 545
6622 546
6629 547
6636 548
6643 549
6650 550
6657 551
6664 552
6671 553
6678 554
6685 555
6692 556
6699 557
6706 558
6713 559
6720 560
6727 561
6734 562
6741 563
6748 564
6755 565
6762 566
6769 567
6776 568
6783 569
6790 570
6797 571
6804 572
6811 573
6818 574
6825 575
6832 576
6839 577
6846 578
6853 579
6860 580
6867 581
6874 582
6881 583
6888 584
6895 585
6902 586
6909 587
6916 588
6923 589
6930 590
6937 591
6944 592
6951 593
6958 594
6965 595
6972 596
6979 597
6986 598
6993 599
7000 600
7007 601
7014 602
7021 603
7028 604
7035 605
7042 606
7049 607
7056 608
7063 609
7070 610
7077 611
7084 612
7091 613
7098 614
7105 615
7112 616
7119 617
7126 618
7133 619
7140 620
7147 621
7154 622
7161 623
7168 624
7175 625
7182 626
7189 627
7196 628
7203 629
7210 630
7217 631
7224 632
7231 633
7238 634
7245 635
7252 636
7259 637
7266 638
7273 639
7280 640
7287 641
7294 642
7301 643
7308 644
7315 645
7322 646
7329 647
7336 648
7343 649
7350 650
7357 651
7364 652
7371 653
7378 654
7385 655
7392 656
7399 657
7406 658
7413 659
7420 660
7427 661
7434 662
7441 663
7448 664
7455 665
7462 666
7469 667
7476 668
7483 669
7490 670
7497 671
7504 672
7511 673
7518 674
7525 675
7532 676
7539 677
7546 678
7553 679
7560 680
7567 681
7574 682
7581 683
7588 684
7595 685
7602 686
7609 687
7616 688
7623 689
7630 690
7637 691
7644 692
7651 693
7658 694
7665 695
7672 696
7679 697
7686 698
7693 699
7700 700
7707 701
7714 702
7721 703
7728 704
7735 705
7742 706
7749 707
7756 708
7763 709
7770 710
7777 711
7784 712
7791 713
7798 714
7805 715
7812 716
7819 717
7826 718
7833 719
7840 720
7847 721
7854 722
7861 723
7868 724
7875 725
7882 726
7889 727
7896 728
7903 729
7910 730
7917 731
7924 732
7931 733
7938 734
7945 735
7952 736
7959 737
7966 738
7973 739
7980 740
7987 741
7994 742
8001 743
8008 744
8015 745
8022 746
8029 747
8036 748
8043 749
8050 750
8057 751
8064 752
8071 753
8078 754
8085 755
8092 756
8099 757
8106 758
8113 759
8120 760
8127 761
8134 762
8141 763
8148 764
8155 765
8162 766
8169 767
8176 768
8183 769
8190 770
8197 771
8204 772
8211 773
8218 774
8225 775
8232 776
8239 777
8246 778
8253 779
8260 780
8267 781
8274 782
8281 783
8288 784
8295 785
8302 786
8309 787
8316 788
8323 789
8330 790
8337 791
8344 792
8351 793
8358 794
8365 795
8372 796
8379 797
8386 798
8393 799
8400 800
8407 801
8414 802
8421 803
8428 804
8435 805
8442 806
8449 807
8456 808
8463 809
8470 810
8477 811
8484 812
8491 813
8498 814
8505 815
8512 816
8519 817
8526 818
8533 819
8540 820
8547 821
8554 822
8561 823
8568 824
8575 825
8582 826
8589 827
8596 828
8603 829
8610 830
8617 831
8624 832
8631 833
8638 834
8645 835
8652 836
8659 837
8666 838
8673 839
8680 840
8687 841
8694 842
8701 843
8708 844
8715 845
8722 846
8729 847
8736 848
8743 849
8750 850
8757 851
8764 852
8771 853
8778 854
8785 855
8792 856
8799 857
8806 858
8813 859
8820 860
8827 861
8834 862
8841 863
8848 864
8855 865
8862 866
8869 867
8876 868
8883 869
8890 870
8897 871
8904 872
8911 873
8918 874
8925 875
8932 876
8939 877
8946 878
8953 879
8960 880
8967 881
8974 882
8981 883
8988 884
8995 885
9002 886
9009 887
9016 888
9023 889
9030 890
9037 891
9044 892
9051 893
9058 894
9065 895
9072 896
9079 897
9086 898
9093 899
9100 900
9107 901
9114 902
9121 903
9128 904
9135 905
9142 906
9149 907
9156 908
9163 909
9170 910
9177 911
9184 912
9191 913
9198 914
9205 915
9212 916
9219 917
9226 918
9233 919
9240 920
9247 921
9254 922
9261 923
9268 924
9275 925
9282 926
9289 927
9296 928
9303 929
9310 930
9317 931
9324 932
9331 933
9338 934
9345 935
9352 936
9359 937
9366 938
9373 939
9380 940
9387 941
9394 942
9401 943
9408 944
9415 945
9422 946
9429 947
9436 948
9443 949
9450 950
9457 951
9464 952
9471 953
9478 954
9485 955
9492 956
9499 957
9506 958
9513 959
9520 960
9527 961
9534 962
9541 963
9548 964
9555 965
9562 966
9569 967
9576 968
9583 969
9590 970
9597 971
9604 972
9611 973
9618 974
9625 975
9632 976
9639 977
9646 978
9653 979
9660 980
9667 981
9674 982
9681 983
9688 984
9695 985
9702 986
9709 987
9716 988
9723 989
9730 990
9737 991
9744 992
9751 993
9758 994
9765 995
9772 996
9779 997
9786 998
9793 999
9800 1000
9807 1001
9814 1002
9821 1003
9828 1004
9835 1005
9842 1006
9849 1007
9856 1008
9863 1009
9870 1010
9877 1011
9884 1012
9891 1013
9898 1014
9905 1015
9912 1016
9919 1017
9926 1018
9933 1019
9940 1020
9947 1021
9954 1022
9961 1023
9968 1024
9975 1025
9982 1026
9989 1027
9996 1028
10003 1029
10010 1030
10017 1031
10024 1032
10031 1033
10038 1034
10045 1035
10052 1036
10059 1037
10066 1038
10073 1039
10080 1040
10087 1041
10094 1042
10101 1043
10108 1044
10115 1045
10122 1046
10129 1047
10136 1048
10143 1049
10150 1050
10157 1051
10164 1052
10171 1053
10178 1054
10185 1055
10192 1056
10199 1057
10206 1058
10213 1059
10220 1060
10227 1061
10234 1062
10241 1063
10248 1064
10255 1065
10262 1066
10269 1067
10276 1068
10283 1069
10290 1070
10297 1071
10304 1072
10311 1073
10318 1074
10325 1075
10332 1076
10339 1077
10346 1078
10353 1079
10360 1080
10367 1081
10374 1082
10381 1083
10388 1084
10395 1085
10402 1086
10409 1087
10416 1088
10423 1089
10430 1090
10437 1091
10444 1092
10451 1093
10458 1094
10465 1095
10472 1096
10479 1097
10486 1098
10493 1099
