0 3500
1 3507
2 3514
3 3521
4 3528
5 3535
6 3542
7 3549
8 3556
9 3563
10 3570
11 3577
12 3584
13 3591
14 3598
15 3605
16 3612
17 3619
18 3626
19 3633
20 3640
21 3647
22 3654
23 3661
24 3668
25 3675
26 3682
27 3689
28 3696
29 3703
30 3710
31 3717
32 3724
33 3731
34 3738
35 3745
36 3752
37 3759
38 3766
39 3773
40 3780
41 3787
42 3794
43 3801
44 3808
45 3815
46 3822
47 3829
48 3836
49 3843
50 3850
51 3857
52 3864
53 3871
54 3878
55 3885
56 3892
57 3899
58 3906
59 3913
60 3920
61 3927
62 3934
63 3941
64 3948
65 3955
66 3962
67 3969
68 3976
69 3983
70 3990
71 3997
72 4004
73 4011
74 4018
75 4025
76 4032
77 4039
78 4046
79 4053
80 4060
81 4067
82 4074
83 4081
84 4088
85 4095
86 4102
87 4109
88 4116
89 4123
90 4130
91 4137
92 4144
93 4151
94 4158
95 4165
96 4172
97 4179
98 4186
99 4193
100 4200
101 4207
102 4214
103 4221
104 4228
105 4235
106 4242
107 4249
108 4256
109 4263
110 4270
111 4277
112 4284
113 4291
114 4298
115 4305
116 4312
117 4319
118 4326
119 4333
120 4340
121 4347
122 4354
123 4361
124 4368
125 4375
126 4382
127 4389
128 4396
129 4403
130 4410
131 4417
132 4424
133 4431
134 4438
135 4445
136 4452
137 4459
138 4466
139 4473
140 4480
141 4487
142 4494
143 4501
144 4508
145 4515
146 4522
147 4529
148 4536
149 4543
150 4550
151 4557
152 4564
153 4571
154 4578
155 4585
156 4592
157 4599
158 4606
159 4613
160 4620
161 4627
162 4634
163 4641
164 4648
165 4655
166 4662
167 4669
168 4676
169 4683
170 4690
171 4697
172 4704
173 4711
174 4718
175 4725
176 4732
177 4739
178 4746
179 4753
180 4760
181 4767
182 4774
183 4781
184 4788
185 4795
186 4802
187 4809
188 4816
189 4823
190 4830
191 4837
192 4844
193 4851
194 4858
195 4865
196 4872
197 4879
198 4886
199 4893
200 4900
201 4907
202 4914
203 4921
204 4928
205 4935
206 4942
207 4949
208 4956
209 4963
210 4970
211 4977
212 4984
213 4991
214 4998
215 5005
216 5012
217 5019
218 5026
219 5033
220 5040
221 5047
222 5054
223 5061
224 5068
225 5075
226 5082
227 5089
228 5096
229 5103
230 5110
231 5117
232 5124
233 5131
234 5138
235 5145
236 5152
237 5159
238 5166
239 5173
240 5180
241 5187
242 5194
243 5201
244 5208
245 5215
246 5222
247 5229
248 5236
249 5243
250 5250
251 5257
252 5264
253 5271
254 5278
255 5285
256 5292
257 5299
258 5306
259 5313
260 5320
261 5327
262 5334
263 5341
264 5348
265 5355
266 5362
267 5369
268 5376
269 5383
270 5390
271 5397
272 5404
273 5411
274 5418
275 5425
276 5432
277 5439
278 5446
279 5453
280 5460
281 5467
282 5474
283 5481
284 5488
285 5495
286 5502
287 5509
288 5516
289 5523
290 5530
291 5537
292 5544
293 5551
294 5558
295 5565
296 5572
297 5579
298 5586
299 5593
300 5600
301 5607
302 5614
303 5621
304 5628
305 5635
306 5642
307 5649
308 5656
309 5663
310 5670
311 5677
312 5684
313 5691
314 5698
315 5705
316 5712
317 5719
318 5726
319 5733
320 5740
321 5747
322 5754
323 5761
324 5768
325 5775
326 5782
327 5789
328 5796
329 5803
330 5810
331 5817
332 5824
333 5831
334 5838
335 5845
336 5852
337 5859
338 5866
339 5873
340 5880
341 5887
342 5894
343 5901
344 5908
345 5915
346 5922
347 5929
348 5936
349 5943
350 5950
351 5957
352 5964
353 5971
354 5978
355 5985
356 5992
357 5999
358 6006
359 6013
360 6020
361 6027
362 6034
363 6041
364 6048
365 6055
366 6062
367 6069
368 6076
369 6083
370 6090
371 6097
372 6104
373 6111
374 6118
375 6125
376 6132
377 6139
378 6146
379 6153
380 6160
381 6167
382 6174
383 6181
384 6188
385 6195
386 6202
387 6209
388 6216
389 6223
390 6230
391 6237
392 6244
393 6251
394 6258
395 6265
396 6272
397 6279
398 6286
399 6293
400 6300
401 6307
402 6314
403 6321
404 6328
405 6335
406 6342
407 6349
408 6356
409 6363
410 6370
411 6377
412 6384
413 6391
414 6398
415 6405
416 6412
417 6419
418 6426
419 6433
420 6440
421 6447
422 6454
423 6461
424 6468
425 6475
426 6482
427 6489
428 6496
429 6503
430 6510
431 6517
432 6524
433 6531
434 6538
435 6545
436 6552
437 6559
438 6566
439 6573
440 6580
441 6587
442 6594
443 6601
444 6608
445 6615
446 6622
447 6629
448 6636
449 6643
450 6650
451 6657
452 6664
453 6671
454 6678
455 6685
456 6692
457 6699
458 6706
459 6713
460 6720
461 6727
462 6734
463 6741
464 6748
465 6755
466 6762
467 6769
468 6776
469 6783
470 6790
471 6797
472 6804
473 6811
474 6818
475 6825
476 6832
477 6839
478 6846
479 6853
480 6860
481 6867
482 6874
483 6881
484 6888
485 6895
486 6902
487 6909
488 6916
489 6923
490 6930
491 6937
492 6944
493 6951
494 6958
495 6965
496 6972
497 6979
498 6986
499 6993
500 7000
501 7007
502 7014
503 7021
504 7028
505 7035
506 7042
507 7049
508 7056
509 7063
510 7070
511 7077
512 7084
513 7091
514 7098
515 7105
516 7112
517 7119
518 7126
519 7133
520 7140
521 7147
522 7154
523 7161
524 7168
525 7175
526 7182
527 7189
528 7196
529 7203
530 7210
531 7217
532 7224
533 7231
534 7238
535 7245
536 7252
537 7259
538 7266
539 7273
540 7280
541 7287
542 7294
543 7301
544 7308
545 7315
546 7322
547 7329
548 7336
549 7343
550 7350
551 7357
552 7364
553 7371
554 7378
555 7385
556 7392
557 7399
558 7406
559 7413
560 7420
561 7427
562 7434
563 7441
564 7448
565 7455
566 7462
567 7469
568 7476
569 7483
570 7490
571 7497
572 7504
573 7511
574 7518
575 7525
576 7532
577 7539
578 7546
579 7553
580 7560
581 7567
582 7574
583 7581
584 7588
585 7595
586 7602
587 7609
588 7616
589 7623
590 7630
591 7637
592 7644
593 7651
594 7658
595 7665
596 7672
597 7679
598 7686
599 7693
600 7700
601 7707
602 7714
603 7721
604 7728
605 7735
606 7742
607 7749
608 7756
609 7763
610 7770
611 7777
612 7784
613 7791
614 7798
615 7805
616 7812
617 7819
618 7826
619 7833
620 7840
621 7847
622 7854
623 7861
624 7868
625 7875
626 7882
627 7889
628 7896
629 7903
630 7910
631 7917
632 7924
633 7931
634 7938
635 7945
636 7952
637 7959
638 7966
639 7973
640 7980
641 7987
642 7994
643 8001
644 8008
645 8015
646 8022
647 8029
648 8036
649 8043
650 8050
651 8057
652 8064
653 8071
654 8078
655 8085
656 8092
657 8099
658 8106
659 8113
660 8120
661 8127
662 8134
663 8141
664 8148
665 8155
666 8162
667 8169
668 8176
669 8183
670 8190
671 8197
672 8204
673 8211
674 8218
675 8225
676 8232
677 8239
678 8246
679 8253
680 8260
681 8267
682 8274
683 8281
684 8288
685 8295
686 8302
687 8309
688 8316
689 8323
690 8330
691 8337
692 8344
693 8351
694 8358
695 8365
696 8372
697 8379
698 8386
699 8393
700 8400
701 8407
702 8414
703 8421
704 8428
705 8435
706 8442
707 8449
708 8456
709 8463
710 8470
711 8477
712 8484
713 8491
714 8498
715 8505
716 8512
717 8519
718 8526
719 8533
720 8540
721 8547
722 8554
723 8561
724 8568
725 8575
726 8582
727 8589
728 8596
729 8603
730 8610
731 8617
732 8624
733 8631
734 8638
735 8645
736 8652
737 8659
738 8666
739 8673
740 8680
741 8687
742 8694
743 8701
744 8708
745 8715
746 8722
747 8729
748 8736
749 8743
750 8750
751 8757
752 8764
753 8771
754 8778
755 8785
756 8792
757 8799
758 8806
759 8813
760 8820
761 8827
762 8834
763 8841
764 8848
765 8855
766 8862
767 8869
768 8876
769 8883
770 8890
771 8897
772 8904
773 8911
774 8918
775 8925
776 8932
777 8939
778 8946
779 8953
780 8960
781 8967
782 8974
783 8981
784 8988
785 8995
786 9002
787 9009
788 9016
789 9023
790 9030
791 9037
792 9044
793 9051
794 9058
795 9065
796 9072
797 9079
798 9086
799 9093
800 9100
801 9107
802 9114
803 9121
804 9128
805 9135
806 9142
807 9149
808 9156
809 9163
810 9170
811 9177
812 9184
813 9191
814 9198
815 9205
816 9212
817 9219
818 9226
819 9233
820 9240
821 9247
822 9254
823 9261
824 9268
825 9275
826 9282
827 9289
828 9296
829 9303
830 9310
831 9317
832 9324
833 9331
834 9338
835 9345
836 9352
837 9359
838 9366
839 9373
840 9380
841 9387
842 9394
843 9401
844 9408
845 9415
846 9422
847 9429
848 9436
849 9443
850 9450
851 9457
852 9464
853 9471
854 9478
855 9485
856 9492
857 9499
858 9506
859 9513
860 9520
861 9527
862 9534
863 9541
864 9548
865 9555
866 9562
867 9569
868 9576
869 9583
870 9590
871 9597
872 9604
873 9611
874 9618
875 9625
876 9632
877 9639
878 9646
879 9653
880 9660
881 9667
882 9674
883 9681
884 9688
885 9695
886 9702
887 9709
888 9716
889 9723
890 9730
891 9737
892 9744
893 9751
894 9758
895 9765
896 9772
897 9779
898 9786
899 9793
900 9800
901 9807
902 9814
903 9821
904 9828
905 9835
906 9842
907 9849
908 9856
909 9863
910 9870
911 9877
912 9884
913 9891
914 9898
915 9905
916 9912
917 9919
918 9926
919 9933
920 9940
921 9947
922 9954
923 9961
924 9968
925 9975
926 9982
927 9989
928 9996
929 10003
930 10010
931 10017
932 10024
933 10031
934 10038
935 10045
936 10052
937 10059
938 10066
939 10073
940 10080
941 10087
942 10094
943 10101
944 10108
945 10115
946 10122
947 10129
948 10136
949 10143
950 10150
951 10157
952 10164
953 10171
954 10178
955 10185
956 10192
957 10199
958 10206
959 10213
960 10220
961 10227
962 10234
963 10241
964 10248
965 10255
966 10262
967 10269
968 10276
969 10283
970 10290
971 10297
972 10304
973 10311
974 10318
975 10325
976 10332
977 10339
978 10346
979 10353
980 10360
981 10367
982 10374
983 10381
984 10388
985 10395
986 10402
987 10409
988 10416
989 10423
990 10430
991 10437
992 10444
993 10451
994 10458
995 10465
996 10472
997 10479
998 10486
999 10493
